GO:0009607	0.0360392368796774
GO:0006086	0.00113414942576884
GO:0055114	0.0316551960724814
