Annotated	Significant	Expected	Term	pval	Enrichment
GO:0006086	13	1	0	acetyl-CoA biosynthetic process from pyruvate	0.002267111398776	50.5128205128205
GO:0015860	39	1	0.01	purine nucleoside transmembrane transport	0.00678848633393925	16.8376068376068
GO:0042744	224	1	0.04	hydrogen peroxide catabolic process	0.0384694963505336	2.93154761904762
GO:0055114	3664	3	0.64	oxidation-reduction process	0.0188814382238835	0.537663755458515
