GO:0006086	0.002267111398776
GO:0015860	0.00678848633393925
GO:0042744	0.0384694963505336
GO:0055114	0.0188814382238835
